$ 1 0.000005 7.010541234668786 49 5 43 5e-11
R 336 112 336 64 0 0 40 3 0 0 0.5
g 336 304 336 336 0 0
w 336 112 400 112 0
w 272 112 336 112 0
w 272 304 336 304 0
w 336 304 400 304 0
415 272 208 336 208 0 0.005 75 0.015 0.015 2.2500000000000003e-8 0.000009999999999999999 1 0
t 240 160 272 160 0 -1 -0.20467657101766878 -0.23337078994841942 100 default
t 512 160 400 160 0 -1 -0.20467657099062642 -0.23337078992167504 100 default
w 272 112 272 144 0
w 400 112 400 144 0
w 400 176 400 208 0
w 272 176 272 208 0
w 272 208 272 240 0
w 400 208 400 240 0
w 272 272 272 304 0
w 400 272 400 304 0
r 432 256 496 256 0 4700
t 240 256 272 256 0 1 -2.7663500081220356 0.2049557729472138 100 default
t 432 256 400 256 0 1 -2.7663500080834145 0.204955772985537 100 default
w 496 256 496 48 0
w 496 48 160 48 0
g 144 160 112 160 0 0
t 160 128 160 160 0 1 -2.5616721182521665 0.20495576769462814 100 default
r 176 160 240 160 0 4700
r 160 128 160 48 0 47000
r 576 128 576 0 0 47000
r 512 160 560 160 0 4700
t 576 128 576 160 1 1 -2.561672118317236 0.20495576765630508 100 default
g 592 160 624 160 0 0
r 176 256 240 256 0 4700
w 176 256 176 208 0
w 80 208 80 0 0
w 80 0 576 0 0
R 576 256 624 256 0 0 40 3 0 0 0.5
R 96 256 48 256 0 0 40 3 0 0 0.5
w 80 208 176 208 0
w 368 240 400 208 0
s 96 256 176 256 0 1 true
c 288 160 336 160 4 0.00001 2.9976021664879227e-13 0.001 0
w 288 160 272 208 0
w 336 208 336 160 0
174 336 208 368 256 1 1000 0.005 Resistance
s 496 256 576 256 0 1 true
o 6 64 0 4099 5 0.05 0 2 6 3
